{
 "cells": [
  {
   "cell_type": "code",
   "execution_count": 2,
   "metadata": {},
   "outputs": [],
   "source": [
    "import numpy as np\n",
    "import pandas as pd\n",
    "import pymc3 as pm\n",
    "from scipy import stats\n",
    "import arviz as az\n",
    "from sklearn import preprocessing\n",
    "import matplotlib.pyplot as plt"
   ]
  },
  {
   "cell_type": "code",
   "execution_count": 8,
   "metadata": {},
   "outputs": [
    {
     "data": {
      "text/html": [
       "<div>\n",
       "<style scoped>\n",
       "    .dataframe tbody tr th:only-of-type {\n",
       "        vertical-align: middle;\n",
       "    }\n",
       "\n",
       "    .dataframe tbody tr th {\n",
       "        vertical-align: top;\n",
       "    }\n",
       "\n",
       "    .dataframe thead th {\n",
       "        text-align: right;\n",
       "    }\n",
       "</style>\n",
       "<table border=\"1\" class=\"dataframe\">\n",
       "  <thead>\n",
       "    <tr style=\"text-align: right;\">\n",
       "      <th></th>\n",
       "      <th>Date</th>\n",
       "      <th>Price</th>\n",
       "      <th>PC1</th>\n",
       "      <th>PC2</th>\n",
       "      <th>PC3</th>\n",
       "      <th>PC4</th>\n",
       "      <th>PC5</th>\n",
       "      <th>PC6</th>\n",
       "      <th>PC7</th>\n",
       "      <th>PC8</th>\n",
       "      <th>PC9</th>\n",
       "      <th>PC10</th>\n",
       "    </tr>\n",
       "  </thead>\n",
       "  <tbody>\n",
       "    <tr>\n",
       "      <th>700</th>\n",
       "      <td>2020-12-01</td>\n",
       "      <td>19218.8</td>\n",
       "      <td>1.925172</td>\n",
       "      <td>5.451580</td>\n",
       "      <td>-1.142358</td>\n",
       "      <td>0.861027</td>\n",
       "      <td>-0.335091</td>\n",
       "      <td>0.431894</td>\n",
       "      <td>-1.122869</td>\n",
       "      <td>0.912786</td>\n",
       "      <td>-0.619038</td>\n",
       "      <td>-0.434581</td>\n",
       "    </tr>\n",
       "    <tr>\n",
       "      <th>701</th>\n",
       "      <td>2020-12-02</td>\n",
       "      <td>19433.3</td>\n",
       "      <td>1.582994</td>\n",
       "      <td>3.559479</td>\n",
       "      <td>-0.653910</td>\n",
       "      <td>1.251390</td>\n",
       "      <td>-0.337836</td>\n",
       "      <td>-1.237844</td>\n",
       "      <td>-0.313913</td>\n",
       "      <td>0.794368</td>\n",
       "      <td>-0.194111</td>\n",
       "      <td>-0.184261</td>\n",
       "    </tr>\n",
       "    <tr>\n",
       "      <th>702</th>\n",
       "      <td>2020-12-03</td>\n",
       "      <td>18658.1</td>\n",
       "      <td>1.175193</td>\n",
       "      <td>3.092115</td>\n",
       "      <td>-1.930997</td>\n",
       "      <td>0.743688</td>\n",
       "      <td>-0.094971</td>\n",
       "      <td>-1.303851</td>\n",
       "      <td>-0.833903</td>\n",
       "      <td>1.148260</td>\n",
       "      <td>-0.693432</td>\n",
       "      <td>-0.112931</td>\n",
       "    </tr>\n",
       "    <tr>\n",
       "      <th>703</th>\n",
       "      <td>2020-12-04</td>\n",
       "      <td>19146.5</td>\n",
       "      <td>1.046626</td>\n",
       "      <td>2.240449</td>\n",
       "      <td>-0.903165</td>\n",
       "      <td>1.246917</td>\n",
       "      <td>0.051724</td>\n",
       "      <td>-0.401272</td>\n",
       "      <td>-0.090789</td>\n",
       "      <td>0.776876</td>\n",
       "      <td>-0.929971</td>\n",
       "      <td>0.171880</td>\n",
       "    </tr>\n",
       "    <tr>\n",
       "      <th>704</th>\n",
       "      <td>2020-12-05</td>\n",
       "      <td>19379.9</td>\n",
       "      <td>0.576253</td>\n",
       "      <td>0.169815</td>\n",
       "      <td>-1.095204</td>\n",
       "      <td>1.964635</td>\n",
       "      <td>0.133399</td>\n",
       "      <td>-1.614727</td>\n",
       "      <td>-0.163228</td>\n",
       "      <td>0.659043</td>\n",
       "      <td>-0.519185</td>\n",
       "      <td>0.786180</td>\n",
       "    </tr>\n",
       "  </tbody>\n",
       "</table>\n",
       "</div>"
      ],
      "text/plain": [
       "           Date    Price       PC1       PC2       PC3       PC4       PC5  \\\n",
       "700  2020-12-01  19218.8  1.925172  5.451580 -1.142358  0.861027 -0.335091   \n",
       "701  2020-12-02  19433.3  1.582994  3.559479 -0.653910  1.251390 -0.337836   \n",
       "702  2020-12-03  18658.1  1.175193  3.092115 -1.930997  0.743688 -0.094971   \n",
       "703  2020-12-04  19146.5  1.046626  2.240449 -0.903165  1.246917  0.051724   \n",
       "704  2020-12-05  19379.9  0.576253  0.169815 -1.095204  1.964635  0.133399   \n",
       "\n",
       "          PC6       PC7       PC8       PC9      PC10  \n",
       "700  0.431894 -1.122869  0.912786 -0.619038 -0.434581  \n",
       "701 -1.237844 -0.313913  0.794368 -0.194111 -0.184261  \n",
       "702 -1.303851 -0.833903  1.148260 -0.693432 -0.112931  \n",
       "703 -0.401272 -0.090789  0.776876 -0.929971  0.171880  \n",
       "704 -1.614727 -0.163228  0.659043 -0.519185  0.786180  "
      ]
     },
     "execution_count": 8,
     "metadata": {},
     "output_type": "execute_result"
    }
   ],
   "source": [
    "df = pd.read_csv('pca_data.csv')\n",
    "df = df[700:]\n",
    "y = df[\"Price\"].values\n",
    "df_x = df.drop(columns=[\"Date\", \"Price\"])\n",
    "df.head()"
   ]
  },
  {
   "cell_type": "code",
   "execution_count": 13,
   "metadata": {},
   "outputs": [],
   "source": [
    "X = np.array(df_x)"
   ]
  },
  {
   "cell_type": "code",
   "execution_count": 78,
   "metadata": {},
   "outputs": [
    {
     "data": {
      "text/html": [
       "<div>\n",
       "<style scoped>\n",
       "    .dataframe tbody tr th:only-of-type {\n",
       "        vertical-align: middle;\n",
       "    }\n",
       "\n",
       "    .dataframe tbody tr th {\n",
       "        vertical-align: top;\n",
       "    }\n",
       "\n",
       "    .dataframe thead th {\n",
       "        text-align: right;\n",
       "    }\n",
       "</style>\n",
       "<table border=\"1\" class=\"dataframe\">\n",
       "  <thead>\n",
       "    <tr style=\"text-align: right;\">\n",
       "      <th></th>\n",
       "      <th>Date</th>\n",
       "      <th>Price</th>\n",
       "      <th>PC1</th>\n",
       "      <th>PC2</th>\n",
       "      <th>PC3</th>\n",
       "      <th>PC4</th>\n",
       "      <th>PC5</th>\n",
       "      <th>PC6</th>\n",
       "      <th>PC7</th>\n",
       "      <th>PC8</th>\n",
       "      <th>PC9</th>\n",
       "      <th>PC10</th>\n",
       "    </tr>\n",
       "  </thead>\n",
       "  <tbody>\n",
       "    <tr>\n",
       "      <th>1020</th>\n",
       "      <td>2021-10-17</td>\n",
       "      <td>62056.3</td>\n",
       "      <td>8.247989</td>\n",
       "      <td>-6.235256</td>\n",
       "      <td>-0.467159</td>\n",
       "      <td>-0.015834</td>\n",
       "      <td>-1.848409</td>\n",
       "      <td>0.520881</td>\n",
       "      <td>-0.291738</td>\n",
       "      <td>0.797574</td>\n",
       "      <td>-0.658913</td>\n",
       "      <td>-0.664539</td>\n",
       "    </tr>\n",
       "    <tr>\n",
       "      <th>1021</th>\n",
       "      <td>2021-10-18</td>\n",
       "      <td>64278.5</td>\n",
       "      <td>7.769368</td>\n",
       "      <td>-2.800591</td>\n",
       "      <td>-1.965221</td>\n",
       "      <td>-1.538361</td>\n",
       "      <td>-1.019428</td>\n",
       "      <td>1.423679</td>\n",
       "      <td>1.055461</td>\n",
       "      <td>1.265406</td>\n",
       "      <td>-0.163010</td>\n",
       "      <td>0.122867</td>\n",
       "    </tr>\n",
       "    <tr>\n",
       "      <th>1022</th>\n",
       "      <td>2021-10-19</td>\n",
       "      <td>65979.1</td>\n",
       "      <td>9.114730</td>\n",
       "      <td>-1.343815</td>\n",
       "      <td>-1.896115</td>\n",
       "      <td>-1.721794</td>\n",
       "      <td>-3.317679</td>\n",
       "      <td>3.028115</td>\n",
       "      <td>3.559169</td>\n",
       "      <td>3.329187</td>\n",
       "      <td>0.833770</td>\n",
       "      <td>1.369422</td>\n",
       "    </tr>\n",
       "    <tr>\n",
       "      <th>1023</th>\n",
       "      <td>2021-10-20</td>\n",
       "      <td>62210.2</td>\n",
       "      <td>8.975927</td>\n",
       "      <td>-2.094760</td>\n",
       "      <td>-1.719892</td>\n",
       "      <td>-1.823947</td>\n",
       "      <td>-3.041510</td>\n",
       "      <td>1.546296</td>\n",
       "      <td>1.514364</td>\n",
       "      <td>0.405193</td>\n",
       "      <td>0.770918</td>\n",
       "      <td>0.181783</td>\n",
       "    </tr>\n",
       "    <tr>\n",
       "      <th>1024</th>\n",
       "      <td>2021-10-21</td>\n",
       "      <td>60697.3</td>\n",
       "      <td>9.921635</td>\n",
       "      <td>-1.617694</td>\n",
       "      <td>-0.205104</td>\n",
       "      <td>-1.418701</td>\n",
       "      <td>-0.830756</td>\n",
       "      <td>3.150038</td>\n",
       "      <td>0.674089</td>\n",
       "      <td>1.157297</td>\n",
       "      <td>-0.859862</td>\n",
       "      <td>0.156889</td>\n",
       "    </tr>\n",
       "  </tbody>\n",
       "</table>\n",
       "</div>"
      ],
      "text/plain": [
       "            Date    Price       PC1       PC2       PC3       PC4       PC5  \\\n",
       "1020  2021-10-17  62056.3  8.247989 -6.235256 -0.467159 -0.015834 -1.848409   \n",
       "1021  2021-10-18  64278.5  7.769368 -2.800591 -1.965221 -1.538361 -1.019428   \n",
       "1022  2021-10-19  65979.1  9.114730 -1.343815 -1.896115 -1.721794 -3.317679   \n",
       "1023  2021-10-20  62210.2  8.975927 -2.094760 -1.719892 -1.823947 -3.041510   \n",
       "1024  2021-10-21  60697.3  9.921635 -1.617694 -0.205104 -1.418701 -0.830756   \n",
       "\n",
       "           PC6       PC7       PC8       PC9      PC10  \n",
       "1020  0.520881 -0.291738  0.797574 -0.658913 -0.664539  \n",
       "1021  1.423679  1.055461  1.265406 -0.163010  0.122867  \n",
       "1022  3.028115  3.559169  3.329187  0.833770  1.369422  \n",
       "1023  1.546296  1.514364  0.405193  0.770918  0.181783  \n",
       "1024  3.150038  0.674089  1.157297 -0.859862  0.156889  "
      ]
     },
     "execution_count": 78,
     "metadata": {},
     "output_type": "execute_result"
    }
   ],
   "source": [
    "df.tail()"
   ]
  },
  {
   "cell_type": "code",
   "execution_count": 14,
   "metadata": {},
   "outputs": [
    {
     "data": {
      "text/plain": [
       "array([[5., 0., 0., 0., 0., 0., 0., 0., 0., 0.],\n",
       "       [0., 5., 0., 0., 0., 0., 0., 0., 0., 0.],\n",
       "       [0., 0., 5., 0., 0., 0., 0., 0., 0., 0.],\n",
       "       [0., 0., 0., 5., 0., 0., 0., 0., 0., 0.],\n",
       "       [0., 0., 0., 0., 5., 0., 0., 0., 0., 0.],\n",
       "       [0., 0., 0., 0., 0., 5., 0., 0., 0., 0.],\n",
       "       [0., 0., 0., 0., 0., 0., 5., 0., 0., 0.],\n",
       "       [0., 0., 0., 0., 0., 0., 0., 5., 0., 0.],\n",
       "       [0., 0., 0., 0., 0., 0., 0., 0., 5., 0.],\n",
       "       [0., 0., 0., 0., 0., 0., 0., 0., 0., 5.]])"
      ]
     },
     "execution_count": 14,
     "metadata": {},
     "output_type": "execute_result"
    }
   ],
   "source": [
    "I = np.eye(df_x.shape[1])\n",
    "α = 5\n",
    "β = 1 / 10000\n",
    "num_of_vars = 10\n",
    "X = X[:,:num_of_vars]\n",
    "w_mean = np.zeros(num_of_vars)\n",
    "w_cov = α*I\n",
    "w_cov"
   ]
  },
  {
   "cell_type": "code",
   "execution_count": 159,
   "metadata": {},
   "outputs": [
    {
     "name": "stderr",
     "output_type": "stream",
     "text": [
      "Got error No model on context stack. trying to find log_likelihood in translation.\n",
      "C:\\Users\\daisu\\anaconda3\\lib\\site-packages\\arviz\\data\\io_pymc3_3x.py:98: FutureWarning: Using `from_pymc3` without the model will be deprecated in a future release. Not using the model will return less accurate and less useful results. Make sure you use the model argument or call from_pymc3 within a model context.\n",
      "  warnings.warn(\n"
     ]
    },
    {
     "data": {
      "text/plain": [
       "w[0]    494.074\n",
       "w[1]    -57.609\n",
       "w[2]    -18.301\n",
       "w[3]    -26.893\n",
       "w[4]    -15.743\n",
       "w[5]      2.141\n",
       "w[6]     11.003\n",
       "w[7]     -1.080\n",
       "w[8]     -4.295\n",
       "w[9]     -3.688\n",
       "Name: mean, dtype: float64"
      ]
     },
     "execution_count": 159,
     "metadata": {},
     "output_type": "execute_result"
    }
   ],
   "source": [
    "w_mean = az.summary(trace)[\"mean\"]\n",
    "w_mean"
   ]
  },
  {
   "cell_type": "code",
   "execution_count": 118,
   "metadata": {},
   "outputs": [
    {
     "name": "stderr",
     "output_type": "stream",
     "text": [
      "<ipython-input-118-45c6b557d1d0>:9: FutureWarning: In v4.0, pm.sample will return an `arviz.InferenceData` object instead of a `MultiTrace` by default. You can pass return_inferencedata=True or return_inferencedata=False to be safe and silence this warning.\n",
      "  trace = pm.sample(11000, random_seed=123)\n",
      "Auto-assigning NUTS sampler...\n",
      "Initializing NUTS using jitter+adapt_diag...\n",
      "Multiprocess sampling (4 chains in 4 jobs)\n",
      "NUTS: [w]\n"
     ]
    },
    {
     "data": {
      "text/html": [
       "\n",
       "    <div>\n",
       "        <style>\n",
       "            /* Turns off some styling */\n",
       "            progress {\n",
       "                /* gets rid of default border in Firefox and Opera. */\n",
       "                border: none;\n",
       "                /* Needs to be in here for Safari polyfill so background images work as expected. */\n",
       "                background-size: auto;\n",
       "            }\n",
       "            .progress-bar-interrupted, .progress-bar-interrupted::-webkit-progress-bar {\n",
       "                background: #F44336;\n",
       "            }\n",
       "        </style>\n",
       "      <progress value='48000' class='' max='48000' style='width:300px; height:20px; vertical-align: middle;'></progress>\n",
       "      100.00% [48000/48000 01:59<00:00 Sampling 4 chains, 0 divergences]\n",
       "    </div>\n",
       "    "
      ],
      "text/plain": [
       "<IPython.core.display.HTML object>"
      ]
     },
     "metadata": {},
     "output_type": "display_data"
    },
    {
     "name": "stderr",
     "output_type": "stream",
     "text": [
      "Sampling 4 chains for 1_000 tune and 11_000 draw iterations (4_000 + 44_000 draws total) took 184 seconds.\n"
     ]
    }
   ],
   "source": [
    "with pm.Model() as our_first_model:\n",
    "    w = pm.MvNormal('w', mu=prior_m_of_w, cov=α*I, shape=(num_of_vars, ))\n",
    "    mu = pm.math.dot(X, w)\n",
    "    xTx = pm.math.dot(X.T, X)\n",
    "    test = xTx*β\n",
    "    S = (xTx*β + α*I)**-1\n",
    "    pred_sigma = np.sqrt(1/β + xTx*S)\n",
    "    likelihood = pm.Normal('likelihood', mu=mu, sigma=1/β, observed=y)\n",
    "    trace = pm.sample(11000, random_seed=123)"
   ]
  },
  {
   "cell_type": "code",
   "execution_count": 162,
   "metadata": {
    "scrolled": true
   },
   "outputs": [
    {
     "name": "stderr",
     "output_type": "stream",
     "text": [
      "<ipython-input-162-7d1d6bf4f203>:7: FutureWarning: In v4.0, pm.sample will return an `arviz.InferenceData` object instead of a `MultiTrace` by default. You can pass return_inferencedata=True or return_inferencedata=False to be safe and silence this warning.\n",
      "  trace = pm.sample(11000, random_seed=123)\n",
      "Auto-assigning NUTS sampler...\n",
      "Initializing NUTS using jitter+adapt_diag...\n",
      "Multiprocess sampling (4 chains in 4 jobs)\n",
      "NUTS: [w]\n"
     ]
    },
    {
     "data": {
      "text/html": [
       "\n",
       "    <div>\n",
       "        <style>\n",
       "            /* Turns off some styling */\n",
       "            progress {\n",
       "                /* gets rid of default border in Firefox and Opera. */\n",
       "                border: none;\n",
       "                /* Needs to be in here for Safari polyfill so background images work as expected. */\n",
       "                background-size: auto;\n",
       "            }\n",
       "            .progress-bar-interrupted, .progress-bar-interrupted::-webkit-progress-bar {\n",
       "                background: #F44336;\n",
       "            }\n",
       "        </style>\n",
       "      <progress value='48000' class='' max='48000' style='width:300px; height:20px; vertical-align: middle;'></progress>\n",
       "      100.00% [48000/48000 01:50<00:00 Sampling 4 chains, 0 divergences]\n",
       "    </div>\n",
       "    "
      ],
      "text/plain": [
       "<IPython.core.display.HTML object>"
      ]
     },
     "metadata": {},
     "output_type": "display_data"
    },
    {
     "name": "stderr",
     "output_type": "stream",
     "text": [
      "Sampling 4 chains for 1_000 tune and 11_000 draw iterations (4_000 + 44_000 draws total) took 212 seconds.\n",
      "Got error No model on context stack. trying to find log_likelihood in translation.\n",
      "C:\\Users\\daisu\\anaconda3\\lib\\site-packages\\arviz\\data\\io_pymc3_3x.py:98: FutureWarning: Using `from_pymc3` without the model will be deprecated in a future release. Not using the model will return less accurate and less useful results. Make sure you use the model argument or call from_pymc3 within a model context.\n",
      "  warnings.warn(\n"
     ]
    },
    {
     "name": "stdout",
     "output_type": "stream",
     "text": [
      "w[0]    898.643\n",
      "w[1]    -85.166\n",
      "w[2]    -61.140\n",
      "w[3]    -72.707\n",
      "w[4]    -74.524\n",
      "w[5]     -1.330\n",
      "w[6]     95.976\n",
      "w[7]    -20.164\n",
      "w[8]    -13.613\n",
      "w[9]     61.922\n",
      "Name: mean, dtype: float64\n",
      "[[ 3.31411582 -0.12173027 -0.17442279 -0.32243896 -0.57902385 -0.1291837\n",
      "   0.82032995 -0.16278064 -0.11944143  0.83191378]\n",
      " [-0.12173027  2.75640437 -0.43041369  0.81181784 -0.51625793  0.67004036\n",
      "  -0.89608347  0.21382962 -0.62334957 -0.71301911]\n",
      " [-0.17442279 -0.43041369  4.70855746 -0.16006     0.06328913 -1.02415171\n",
      "   0.65514783  0.42838605  0.47902187  0.53782599]\n",
      " [-0.32243896  0.81181784 -0.16006     3.17994868 -0.30511814  0.221281\n",
      "  -0.34983102  0.27394758 -0.14071098 -0.86295795]\n",
      " [-0.57902385 -0.51625793  0.06328913 -0.30511814  4.41776879 -0.00838553\n",
      "   1.31283638 -0.31774818 -0.33342619  0.38134599]\n",
      " [-0.1291837   0.67004036 -1.02415171  0.221281   -0.00838553  2.78840521\n",
      "  -0.89856651  0.32006064 -0.77191631 -0.11855963]\n",
      " [ 0.82032995 -0.89608347  0.65514783 -0.34983102  1.31283638 -0.89856651\n",
      "   6.74176717  0.22296284  0.18201474  1.42939364]\n",
      " [-0.16278064  0.21382962  0.42838605  0.27394758 -0.31774818  0.32006064\n",
      "   0.22296284  3.58218921  0.11812937 -0.91959113]\n",
      " [-0.11944143 -0.62334957  0.47902187 -0.14071098 -0.33342619 -0.77191631\n",
      "   0.18201474  0.11812937  3.63281635 -0.13006031]\n",
      " [ 0.83191378 -0.71301911  0.53782599 -0.86295795  0.38134599 -0.11855963\n",
      "   1.42939364 -0.91959113 -0.13006031  4.32570398]]\n"
     ]
    },
    {
     "name": "stderr",
     "output_type": "stream",
     "text": [
      "<ipython-input-162-7d1d6bf4f203>:7: FutureWarning: In v4.0, pm.sample will return an `arviz.InferenceData` object instead of a `MultiTrace` by default. You can pass return_inferencedata=True or return_inferencedata=False to be safe and silence this warning.\n",
      "  trace = pm.sample(11000, random_seed=123)\n",
      "Auto-assigning NUTS sampler...\n",
      "Initializing NUTS using jitter+adapt_diag...\n",
      "Multiprocess sampling (4 chains in 4 jobs)\n",
      "NUTS: [w]\n"
     ]
    },
    {
     "data": {
      "text/html": [
       "\n",
       "    <div>\n",
       "        <style>\n",
       "            /* Turns off some styling */\n",
       "            progress {\n",
       "                /* gets rid of default border in Firefox and Opera. */\n",
       "                border: none;\n",
       "                /* Needs to be in here for Safari polyfill so background images work as expected. */\n",
       "                background-size: auto;\n",
       "            }\n",
       "            .progress-bar-interrupted, .progress-bar-interrupted::-webkit-progress-bar {\n",
       "                background: #F44336;\n",
       "            }\n",
       "        </style>\n",
       "      <progress value='48000' class='' max='48000' style='width:300px; height:20px; vertical-align: middle;'></progress>\n",
       "      100.00% [48000/48000 01:45<00:00 Sampling 4 chains, 0 divergences]\n",
       "    </div>\n",
       "    "
      ],
      "text/plain": [
       "<IPython.core.display.HTML object>"
      ]
     },
     "metadata": {},
     "output_type": "display_data"
    },
    {
     "name": "stderr",
     "output_type": "stream",
     "text": [
      "Sampling 4 chains for 1_000 tune and 11_000 draw iterations (4_000 + 44_000 draws total) took 185 seconds.\n",
      "Got error No model on context stack. trying to find log_likelihood in translation.\n",
      "C:\\Users\\daisu\\anaconda3\\lib\\site-packages\\arviz\\data\\io_pymc3_3x.py:98: FutureWarning: Using `from_pymc3` without the model will be deprecated in a future release. Not using the model will return less accurate and less useful results. Make sure you use the model argument or call from_pymc3 within a model context.\n",
      "  warnings.warn(\n"
     ]
    },
    {
     "name": "stdout",
     "output_type": "stream",
     "text": [
      "w[0]    901.536\n",
      "w[1]    -85.563\n",
      "w[2]    -61.424\n",
      "w[3]    -73.186\n",
      "w[4]    -75.075\n",
      "w[5]     -1.483\n",
      "w[6]     96.841\n",
      "w[7]    -20.333\n",
      "w[8]    -13.688\n",
      "w[9]     62.692\n",
      "Name: mean, dtype: float64\n",
      "[[ 3.2792343  -0.13075525 -0.14586496 -0.32280449 -0.57820588 -0.14238707\n",
      "   0.85809573 -0.12907136 -0.12711759  0.85333339]\n",
      " [-0.13075525  2.76997456 -0.44863732  0.8241377  -0.55120362  0.67696338\n",
      "  -0.92862726  0.21978139 -0.64536457 -0.73458192]\n",
      " [-0.14586496 -0.44863732  4.63618775 -0.18001464  0.08509469 -1.02557859\n",
      "   0.73042409  0.40177005  0.48719479  0.61246401]\n",
      " [-0.32280449  0.8241377  -0.18001464  3.15733443 -0.33768692  0.22652708\n",
      "  -0.37688616  0.27669227 -0.13971879 -0.88881549]\n",
      " [-0.57820588 -0.55120362  0.08509469 -0.33768692  4.39672184 -0.01140844\n",
      "   1.25223347 -0.33926624 -0.32553422  0.38640975]\n",
      " [-0.14238707  0.67696338 -1.02557859  0.22652708 -0.01140844  2.78459926\n",
      "  -0.93149925  0.31753843 -0.77501426 -0.14852342]\n",
      " [ 0.85809573 -0.92862726  0.73042409 -0.37688616  1.25223347 -0.93149925\n",
      "   6.73487532  0.21312891  0.19759623  1.46473993]\n",
      " [-0.12907136  0.21978139  0.40177005  0.27669227 -0.33926624  0.31753843\n",
      "   0.21312891  3.53595576  0.13129886 -0.90458273]\n",
      " [-0.12711759 -0.64536457  0.48719479 -0.13971879 -0.32553422 -0.77501426\n",
      "   0.19759623  0.13129886  3.59864823 -0.11879955]\n",
      " [ 0.85333339 -0.73458192  0.61246401 -0.88881549  0.38640975 -0.14852342\n",
      "   1.46473993 -0.90458273 -0.11879955  4.34461969]]\n"
     ]
    },
    {
     "name": "stderr",
     "output_type": "stream",
     "text": [
      "<ipython-input-162-7d1d6bf4f203>:7: FutureWarning: In v4.0, pm.sample will return an `arviz.InferenceData` object instead of a `MultiTrace` by default. You can pass return_inferencedata=True or return_inferencedata=False to be safe and silence this warning.\n",
      "  trace = pm.sample(11000, random_seed=123)\n",
      "Auto-assigning NUTS sampler...\n",
      "Initializing NUTS using jitter+adapt_diag...\n",
      "Multiprocess sampling (4 chains in 4 jobs)\n",
      "NUTS: [w]\n"
     ]
    },
    {
     "data": {
      "text/html": [
       "\n",
       "    <div>\n",
       "        <style>\n",
       "            /* Turns off some styling */\n",
       "            progress {\n",
       "                /* gets rid of default border in Firefox and Opera. */\n",
       "                border: none;\n",
       "                /* Needs to be in here for Safari polyfill so background images work as expected. */\n",
       "                background-size: auto;\n",
       "            }\n",
       "            .progress-bar-interrupted, .progress-bar-interrupted::-webkit-progress-bar {\n",
       "                background: #F44336;\n",
       "            }\n",
       "        </style>\n",
       "      <progress value='48000' class='' max='48000' style='width:300px; height:20px; vertical-align: middle;'></progress>\n",
       "      100.00% [48000/48000 01:45<00:00 Sampling 4 chains, 0 divergences]\n",
       "    </div>\n",
       "    "
      ],
      "text/plain": [
       "<IPython.core.display.HTML object>"
      ]
     },
     "metadata": {},
     "output_type": "display_data"
    },
    {
     "name": "stderr",
     "output_type": "stream",
     "text": [
      "Sampling 4 chains for 1_000 tune and 11_000 draw iterations (4_000 + 44_000 draws total) took 182 seconds.\n",
      "Got error No model on context stack. trying to find log_likelihood in translation.\n",
      "C:\\Users\\daisu\\anaconda3\\lib\\site-packages\\arviz\\data\\io_pymc3_3x.py:98: FutureWarning: Using `from_pymc3` without the model will be deprecated in a future release. Not using the model will return less accurate and less useful results. Make sure you use the model argument or call from_pymc3 within a model context.\n",
      "  warnings.warn(\n"
     ]
    },
    {
     "name": "stdout",
     "output_type": "stream",
     "text": [
      "w[0]    904.403\n",
      "w[1]    -85.978\n",
      "w[2]    -61.670\n",
      "w[3]    -73.673\n",
      "w[4]    -75.613\n",
      "w[5]     -1.655\n",
      "w[6]     97.747\n",
      "w[7]    -20.470\n",
      "w[8]    -13.753\n",
      "w[9]     63.502\n",
      "Name: mean, dtype: float64\n",
      "[[ 3.21219236 -0.1058392  -0.14329005 -0.30734289 -0.56593948 -0.13699467\n",
      "   0.8495915  -0.09660461 -0.13005522  0.8201071 ]\n",
      " [-0.1058392   2.76729719 -0.4561709   0.83240959 -0.56317143  0.67727301\n",
      "  -0.96063169  0.2164217  -0.65326947 -0.75560632]\n",
      " [-0.14329005 -0.4561709   4.67240757 -0.17081015  0.14383347 -1.00714033\n",
      "   0.7915593   0.41121731  0.4731276   0.60872415]\n",
      " [-0.30734289  0.83240959 -0.17081015  3.1153869  -0.3395555   0.22368685\n",
      "  -0.33497733  0.28337939 -0.13180748 -0.87530228]\n",
      " [-0.56593948 -0.56317143  0.14383347 -0.3395555   4.39868834 -0.0374786\n",
      "   1.24362403 -0.32154301 -0.31676766  0.39603284]\n",
      " [-0.13699467  0.67727301 -1.00714033  0.22368685 -0.0374786   2.72158533\n",
      "  -0.97073566  0.30152764 -0.78303971 -0.17109612]\n",
      " [ 0.8495915  -0.96063169  0.7915593  -0.33497733  1.24362403 -0.97073566\n",
      "   6.77247821  0.25990706  0.20915422  1.48823619]\n",
      " [-0.09660461  0.2164217   0.41121731  0.28337939 -0.32154301  0.30152764\n",
      "   0.25990706  3.47160267  0.11013729 -0.87987632]\n",
      " [-0.13005522 -0.65326947  0.4731276  -0.13180748 -0.31676766 -0.78303971\n",
      "   0.20915422  0.11013729  3.5253924  -0.11000369]\n",
      " [ 0.8201071  -0.75560632  0.60872415 -0.87530228  0.39603284 -0.17109612\n",
      "   1.48823619 -0.87987632 -0.11000369  4.32467022]]\n"
     ]
    },
    {
     "name": "stderr",
     "output_type": "stream",
     "text": [
      "<ipython-input-162-7d1d6bf4f203>:7: FutureWarning: In v4.0, pm.sample will return an `arviz.InferenceData` object instead of a `MultiTrace` by default. You can pass return_inferencedata=True or return_inferencedata=False to be safe and silence this warning.\n",
      "  trace = pm.sample(11000, random_seed=123)\n",
      "Auto-assigning NUTS sampler...\n",
      "Initializing NUTS using jitter+adapt_diag...\n",
      "Multiprocess sampling (4 chains in 4 jobs)\n",
      "NUTS: [w]\n"
     ]
    },
    {
     "data": {
      "text/html": [
       "\n",
       "    <div>\n",
       "        <style>\n",
       "            /* Turns off some styling */\n",
       "            progress {\n",
       "                /* gets rid of default border in Firefox and Opera. */\n",
       "                border: none;\n",
       "                /* Needs to be in here for Safari polyfill so background images work as expected. */\n",
       "                background-size: auto;\n",
       "            }\n",
       "            .progress-bar-interrupted, .progress-bar-interrupted::-webkit-progress-bar {\n",
       "                background: #F44336;\n",
       "            }\n",
       "        </style>\n",
       "      <progress value='48000' class='' max='48000' style='width:300px; height:20px; vertical-align: middle;'></progress>\n",
       "      100.00% [48000/48000 01:46<00:00 Sampling 4 chains, 0 divergences]\n",
       "    </div>\n",
       "    "
      ],
      "text/plain": [
       "<IPython.core.display.HTML object>"
      ]
     },
     "metadata": {},
     "output_type": "display_data"
    },
    {
     "name": "stderr",
     "output_type": "stream",
     "text": [
      "Sampling 4 chains for 1_000 tune and 11_000 draw iterations (4_000 + 44_000 draws total) took 205 seconds.\n",
      "Got error No model on context stack. trying to find log_likelihood in translation.\n",
      "C:\\Users\\daisu\\anaconda3\\lib\\site-packages\\arviz\\data\\io_pymc3_3x.py:98: FutureWarning: Using `from_pymc3` without the model will be deprecated in a future release. Not using the model will return less accurate and less useful results. Make sure you use the model argument or call from_pymc3 within a model context.\n",
      "  warnings.warn(\n"
     ]
    },
    {
     "name": "stdout",
     "output_type": "stream",
     "text": [
      "w[0]    907.202\n",
      "w[1]    -86.380\n",
      "w[2]    -61.910\n",
      "w[3]    -74.147\n",
      "w[4]    -76.138\n",
      "w[5]     -1.819\n",
      "w[6]     98.646\n",
      "w[7]    -20.589\n",
      "w[8]    -13.846\n",
      "w[9]     64.290\n",
      "Name: mean, dtype: float64\n",
      "[[ 3.2439455  -0.12315145 -0.18573022 -0.30764821 -0.57152299 -0.1420933\n",
      "   0.89431397 -0.13000519 -0.12046804  0.82727438]\n",
      " [-0.12315145  2.74000217 -0.45639312  0.82409528 -0.57234294  0.67175342\n",
      "  -0.93776343  0.24232827 -0.65675979 -0.76958461]\n",
      " [-0.18573022 -0.45639312  4.67221177 -0.13774848  0.14032826 -1.01527496\n",
      "   0.82846106  0.4439512   0.50412757  0.60340091]\n",
      " [-0.30764821  0.82409528 -0.13774848  3.08458241 -0.30397609  0.22772395\n",
      "  -0.32369329  0.30330143 -0.12350907 -0.84831526]\n",
      " [-0.57152299 -0.57234294  0.14032826 -0.30397609  4.32632196 -0.03012\n",
      "   1.27453998 -0.2851338  -0.3307906   0.3886286 ]\n",
      " [-0.1420933   0.67175342 -1.01527496  0.22772395 -0.03012     2.72023047\n",
      "  -0.94569027  0.28949544 -0.79937416 -0.17905371]\n",
      " [ 0.89431397 -0.93776343  0.82846106 -0.32369329  1.27453998 -0.94569027\n",
      "   6.77107024  0.26507889  0.19890434  1.49701118]\n",
      " [-0.13000519  0.24232827  0.4439512   0.30330143 -0.2851338   0.28949544\n",
      "   0.26507889  3.43577006  0.06638825 -0.82027915]\n",
      " [-0.12046804 -0.65675979  0.50412757 -0.12350907 -0.3307906  -0.79937416\n",
      "   0.19890434  0.06638825  3.54372301 -0.08120614]\n",
      " [ 0.82727438 -0.76958461  0.60340091 -0.84831526  0.3886286  -0.17905371\n",
      "   1.49701118 -0.82027915 -0.08120614  4.249666  ]]\n"
     ]
    },
    {
     "name": "stderr",
     "output_type": "stream",
     "text": [
      "<ipython-input-162-7d1d6bf4f203>:7: FutureWarning: In v4.0, pm.sample will return an `arviz.InferenceData` object instead of a `MultiTrace` by default. You can pass return_inferencedata=True or return_inferencedata=False to be safe and silence this warning.\n",
      "  trace = pm.sample(11000, random_seed=123)\n",
      "Auto-assigning NUTS sampler...\n",
      "Initializing NUTS using jitter+adapt_diag...\n",
      "Multiprocess sampling (4 chains in 4 jobs)\n",
      "NUTS: [w]\n"
     ]
    },
    {
     "data": {
      "text/html": [
       "\n",
       "    <div>\n",
       "        <style>\n",
       "            /* Turns off some styling */\n",
       "            progress {\n",
       "                /* gets rid of default border in Firefox and Opera. */\n",
       "                border: none;\n",
       "                /* Needs to be in here for Safari polyfill so background images work as expected. */\n",
       "                background-size: auto;\n",
       "            }\n",
       "            .progress-bar-interrupted, .progress-bar-interrupted::-webkit-progress-bar {\n",
       "                background: #F44336;\n",
       "            }\n",
       "        </style>\n",
       "      <progress value='48000' class='' max='48000' style='width:300px; height:20px; vertical-align: middle;'></progress>\n",
       "      100.00% [48000/48000 01:50<00:00 Sampling 4 chains, 0 divergences]\n",
       "    </div>\n",
       "    "
      ],
      "text/plain": [
       "<IPython.core.display.HTML object>"
      ]
     },
     "metadata": {},
     "output_type": "display_data"
    },
    {
     "name": "stderr",
     "output_type": "stream",
     "text": [
      "Sampling 4 chains for 1_000 tune and 11_000 draw iterations (4_000 + 44_000 draws total) took 187 seconds.\n",
      "Got error No model on context stack. trying to find log_likelihood in translation.\n",
      "C:\\Users\\daisu\\anaconda3\\lib\\site-packages\\arviz\\data\\io_pymc3_3x.py:98: FutureWarning: Using `from_pymc3` without the model will be deprecated in a future release. Not using the model will return less accurate and less useful results. Make sure you use the model argument or call from_pymc3 within a model context.\n",
      "  warnings.warn(\n"
     ]
    },
    {
     "name": "stdout",
     "output_type": "stream",
     "text": [
      "w[0]    910.042\n",
      "w[1]    -86.792\n",
      "w[2]    -62.194\n",
      "w[3]    -74.630\n",
      "w[4]    -76.658\n",
      "w[5]     -1.982\n",
      "w[6]     99.582\n",
      "w[7]    -20.754\n",
      "w[8]    -13.916\n",
      "w[9]     65.092\n",
      "Name: mean, dtype: float64\n",
      "[[ 3.25984929 -0.12882438 -0.16347959 -0.34354111 -0.59056553 -0.16002979\n",
      "   0.93667261 -0.11278067 -0.11310606  0.83767801]\n",
      " [-0.12882438  2.74488158 -0.49608263  0.84490032 -0.58361997  0.6617587\n",
      "  -0.9814047   0.22484465 -0.65466283 -0.80262327]\n",
      " [-0.16347959 -0.49608263  4.71326628 -0.13903358  0.13270345 -1.01630412\n",
      "   0.86792362  0.45341067  0.49423448  0.67177432]\n",
      " [-0.34354111  0.84490032 -0.13903358  3.0919465  -0.33418525  0.23245524\n",
      "  -0.30345591  0.28258255 -0.10490368 -0.88589652]\n",
      " [-0.59056553 -0.58361997  0.13270345 -0.33418525  4.29491474 -0.03823631\n",
      "   1.26899509 -0.30161483 -0.32130892  0.40676126]\n",
      " [-0.16002979  0.6617587  -1.01630412  0.23245524 -0.03823631  2.71090519\n",
      "  -1.00137827  0.29011488 -0.76873193 -0.2148391 ]\n",
      " [ 0.93667261 -0.9814047   0.86792362 -0.30345591  1.26899509 -1.00137827\n",
      "   6.8520919   0.25639558  0.21851683  1.57574556]\n",
      " [-0.11278067  0.22484465  0.45341067  0.28258255 -0.30161483  0.29011488\n",
      "   0.25639558  3.39046817  0.0731909  -0.82540917]\n",
      " [-0.11310606 -0.65466283  0.49423448 -0.10490368 -0.32130892 -0.76873193\n",
      "   0.21851683  0.0731909   3.49453461 -0.08172443]\n",
      " [ 0.83767801 -0.80262327  0.67177432 -0.88589652  0.40676126 -0.2148391\n",
      "   1.57574556 -0.82540917 -0.08172443  4.25040847]]\n"
     ]
    },
    {
     "name": "stderr",
     "output_type": "stream",
     "text": [
      "<ipython-input-162-7d1d6bf4f203>:7: FutureWarning: In v4.0, pm.sample will return an `arviz.InferenceData` object instead of a `MultiTrace` by default. You can pass return_inferencedata=True or return_inferencedata=False to be safe and silence this warning.\n",
      "  trace = pm.sample(11000, random_seed=123)\n",
      "Auto-assigning NUTS sampler...\n",
      "Initializing NUTS using jitter+adapt_diag...\n",
      "Multiprocess sampling (4 chains in 4 jobs)\n",
      "NUTS: [w]\n"
     ]
    },
    {
     "data": {
      "text/html": [
       "\n",
       "    <div>\n",
       "        <style>\n",
       "            /* Turns off some styling */\n",
       "            progress {\n",
       "                /* gets rid of default border in Firefox and Opera. */\n",
       "                border: none;\n",
       "                /* Needs to be in here for Safari polyfill so background images work as expected. */\n",
       "                background-size: auto;\n",
       "            }\n",
       "            .progress-bar-interrupted, .progress-bar-interrupted::-webkit-progress-bar {\n",
       "                background: #F44336;\n",
       "            }\n",
       "        </style>\n",
       "      <progress value='48000' class='' max='48000' style='width:300px; height:20px; vertical-align: middle;'></progress>\n",
       "      100.00% [48000/48000 01:49<00:00 Sampling 4 chains, 0 divergences]\n",
       "    </div>\n",
       "    "
      ],
      "text/plain": [
       "<IPython.core.display.HTML object>"
      ]
     },
     "metadata": {},
     "output_type": "display_data"
    },
    {
     "name": "stderr",
     "output_type": "stream",
     "text": [
      "Sampling 4 chains for 1_000 tune and 11_000 draw iterations (4_000 + 44_000 draws total) took 190 seconds.\n",
      "Got error No model on context stack. trying to find log_likelihood in translation.\n",
      "C:\\Users\\daisu\\anaconda3\\lib\\site-packages\\arviz\\data\\io_pymc3_3x.py:98: FutureWarning: Using `from_pymc3` without the model will be deprecated in a future release. Not using the model will return less accurate and less useful results. Make sure you use the model argument or call from_pymc3 within a model context.\n",
      "  warnings.warn(\n"
     ]
    },
    {
     "name": "stdout",
     "output_type": "stream",
     "text": [
      "w[0]    912.877\n",
      "w[1]    -87.201\n",
      "w[2]    -62.448\n",
      "w[3]    -75.125\n",
      "w[4]    -77.188\n",
      "w[5]     -2.157\n",
      "w[6]    100.547\n",
      "w[7]    -20.894\n",
      "w[8]    -13.977\n",
      "w[9]     65.879\n",
      "Name: mean, dtype: float64\n",
      "[[ 3.26823086 -0.15059687 -0.18376186 -0.35427597 -0.58276361 -0.15750183\n",
      "   0.96379887 -0.11447718 -0.10576934  0.83570433]\n",
      " [-0.15059687  2.76870558 -0.49141412  0.87859113 -0.6242101   0.68635664\n",
      "  -1.02026193  0.24690267 -0.67948575 -0.80746908]\n",
      " [-0.18376186 -0.49141412  4.66619489 -0.15146568  0.16206635 -0.99036571\n",
      "   0.86284087  0.48635274  0.509097    0.68896765]\n",
      " [-0.35427597  0.87859113 -0.15146568  3.09664625 -0.35039639  0.24893217\n",
      "  -0.30530924  0.27749884 -0.12216592 -0.913225  ]\n",
      " [-0.58276361 -0.6242101   0.16206635 -0.35039639  4.27761376 -0.04079564\n",
      "   1.29780158 -0.31549921 -0.28317417  0.41170674]\n",
